Cycle | In  | Out | Valid | Switch |
    0 |     0 |     0 |   0   |    0   |
    1 |     1 |     0 |   0   |    0   |
    2 |     2 |     0 |   0   |    0   |
    3 |     3 |     0 |   0   |    0   |
    4 |     4 |     0 |   0   |    0   |
    5 |     5 |     0 |   0   |    0   |
    6 |     6 |     0 |   0   |    0   |
    7 |     7 |     0 |   0   |    0   |
    8 |     8 |     0 |   0   |    0   |
    9 |     9 |     0 |   0   |    0   |
   10 |    10 |     0 |   0   |    0   |
   11 |    11 |     0 |   0   |    0   |
   12 |    12 |     0 |   0   |    0   |
   13 |    13 |     0 |   0   |    0   |
   14 |    14 |     0 |   0   |    0   |
   15 |    15 |     0 |   0   |    0   |
   16 |    16 |     0 |   0   |    0   |
   17 |    17 |     0 |   0   |    0   |
   18 |    18 |     0 |   0   |    0   |
   19 |    19 |     0 |   0   |    0   |
   20 |    20 |     0 |   0   |    0   |
   21 |    21 |     0 |   0   |    0   |
   22 |    22 |     0 |   0   |    0   |
   23 |    23 |     0 |   0   |    0   |
   24 |    24 |     0 |   0   |    0   |
   25 |    25 |     0 |   0   |    0   |
   26 |    26 |     0 |   0   |    0   |
   27 |    27 |     0 |   0   |    0   |
   28 |    28 |     0 |   0   |    0   |
   29 |    29 |     0 |   0   |    0   |
   30 |    30 |     0 |   0   |    0   |
   31 |    31 |     0 |   0   |    0   |
   32 |    32 |     0 |   0   |    0   |
   33 |    33 |     0 |   0   |    0   |
   34 |    34 |     0 |   0   |    0   |
   35 |    35 |     0 |   0   |    0   |
   36 |    36 |     0 |   0   |    0   |
   37 |    37 |     0 |   0   |    0   |
   38 |    38 |     0 |   0   |    0   |
   39 |    39 |     0 |   0   |    0   |
   40 |    40 |     0 |   0   |    0   |
   41 |    41 |     0 |   0   |    0   |
   42 |    42 |     0 |   0   |    0   |
   43 |    43 |     0 |   0   |    0   |
   44 |    44 |     0 |   0   |    0   |
   45 |    45 |     0 |   0   |    0   |
   46 |    46 |     0 |   0   |    0   |
   47 |    47 |     0 |   0   |    0   |
   48 |    48 |     0 |   0   |    0   |
   49 |    49 |     0 |   0   |    0   |
   50 |    50 |     0 |   0   |    0   |
   51 |    51 |     0 |   0   |    0   |
   52 |    52 |     0 |   0   |    0   |
   53 |    53 |     0 |   0   |    0   |
   54 |    54 |     0 |   0   |    0   |
   55 |    55 |     0 |   0   |    0   |
   56 |    56 |     0 |   0   |    0   |
   57 |    57 |     0 |   0   |    0   |
   58 |    58 |     0 |   0   |    0   |
   59 |    59 |     0 |   0   |    0   |
   60 |    60 |     0 |   0   |    0   |
   61 |    61 |     0 |   0   |    0   |
   62 |    62 |     0 |   0   |    0   |
   63 |    63 |     0 |   0   |    0   |
   64 |    64 |     0 |   1   |    0   |
   65 |    65 |     1 |   1   |    0   |
   66 |    66 |     2 |   1   |    0   |
   67 |    67 |     3 |   1   |    0   |
   68 |    68 |     4 |   1   |    0   |
   69 |    69 |     5 |   1   |    0   |
   70 |    70 |     6 |   1   |    0   |
   71 |    71 |     7 |   1   |    0   |
   72 |    72 |     8 |   1   |    0   |
   73 |    73 |     9 |   1   |    0   |
   74 |    74 |    10 |   1   |    0   |
   75 |    75 |    11 |   1   |    0   |
   76 |    76 |    12 |   1   |    0   |
   77 |    77 |    13 |   1   |    0   |
   78 |    78 |    14 |   1   |    0   |
   79 |    79 |    15 |   1   |    0   |
   80 |    80 |    16 |   1   |    0   |
   81 |    81 |    17 |   1   |    0   |
   82 |    82 |    18 |   1   |    0   |
   83 |    83 |    19 |   1   |    0   |
   84 |    84 |    20 |   1   |    0   |
   85 |    85 |    21 |   1   |    0   |
   86 |    86 |    22 |   1   |    0   |
   87 |    87 |    23 |   1   |    0   |
   88 |    88 |    24 |   1   |    0   |
   89 |    89 |    25 |   1   |    0   |
   90 |    90 |    26 |   1   |    0   |
   91 |    91 |    27 |   1   |    0   |
   92 |    92 |    28 |   1   |    0   |
   93 |    93 |    29 |   1   |    0   |
   94 |    94 |    30 |   1   |    0   |
   95 |    95 |    31 |   1   |    0   |
   96 |    96 |    32 |   1   |    0   |
   97 |    97 |    33 |   1   |    0   |
   98 |    98 |    34 |   1   |    0   |
   99 |    99 |    35 |   1   |    0   |
  100 |   100 |    36 |   1   |    0   |
  101 |   101 |    37 |   1   |    0   |
  102 |   102 |    38 |   1   |    0   |
  103 |   103 |    39 |   1   |    0   |
  104 |   104 |    40 |   1   |    0   |
  105 |   105 |    41 |   1   |    0   |
  106 |   106 |    42 |   1   |    0   |
  107 |   107 |    43 |   1   |    0   |
  108 |   108 |    44 |   1   |    0   |
  109 |   109 |    45 |   1   |    0   |
  110 |   110 |    46 |   1   |    0   |
  111 |   111 |    47 |   1   |    0   |
  112 |   112 |    48 |   1   |    0   |
  113 |   113 |    49 |   1   |    0   |
  114 |   114 |    50 |   1   |    0   |
  115 |   115 |    51 |   1   |    0   |
  116 |   116 |    52 |   1   |    0   |
  117 |   117 |    53 |   1   |    0   |
  118 |   118 |    54 |   1   |    0   |
  119 |   119 |    55 |   1   |    0   |
  120 |   120 |    56 |   1   |    0   |
  121 |   121 |    57 |   1   |    0   |
  122 |   122 |    58 |   1   |    0   |
  123 |   123 |    59 |   1   |    0   |
  124 |   124 |    60 |   1   |    0   |
  125 |   125 |    61 |   1   |    0   |
  126 |   126 |    62 |   1   |    0   |
  127 |   127 |    63 |   1   |    0   |
  128 |   128 |    64 |   1   |    1   |
  129 |   129 |    65 |   1   |    1   |
  130 |   130 |    66 |   1   |    1   |
  131 |   131 |    67 |   1   |    1   |
  132 |   132 |    68 |   1   |    1   |
  133 |   133 |    69 |   1   |    1   |
  134 |   134 |    70 |   1   |    1   |
  135 |   135 |    71 |   1   |    1   |
  136 |   136 |    72 |   1   |    1   |
  137 |   137 |    73 |   1   |    1   |
  138 |   138 |    74 |   1   |    1   |
  139 |   139 |    75 |   1   |    1   |
  140 |   140 |    76 |   1   |    1   |
  141 |   141 |    77 |   1   |    1   |
  142 |   142 |    78 |   1   |    1   |
  143 |   143 |    79 |   1   |    1   |
  144 |   144 |    80 |   1   |    1   |
  145 |   145 |    81 |   1   |    1   |
  146 |   146 |    82 |   1   |    1   |
  147 |   147 |    83 |   1   |    1   |
  148 |   148 |    84 |   1   |    1   |
  149 |   149 |    85 |   1   |    1   |
  150 |   150 |    86 |   1   |    1   |
  151 |   151 |    87 |   1   |    1   |
  152 |   152 |    88 |   1   |    1   |
  153 |   153 |    89 |   1   |    1   |
  154 |   154 |    90 |   1   |    1   |
  155 |   155 |    91 |   1   |    1   |
  156 |   156 |    92 |   1   |    1   |
  157 |   157 |    93 |   1   |    1   |
  158 |   158 |    94 |   1   |    1   |
  159 |   159 |    95 |   1   |    1   |
  160 |   160 |    96 |   1   |    1   |
  161 |   161 |    97 |   1   |    1   |
  162 |   162 |    98 |   1   |    1   |
  163 |   163 |    99 |   1   |    1   |
  164 |   164 |   100 |   1   |    1   |
  165 |   165 |   101 |   1   |    1   |
  166 |   166 |   102 |   1   |    1   |
  167 |   167 |   103 |   1   |    1   |
  168 |   168 |   104 |   1   |    1   |
  169 |   169 |   105 |   1   |    1   |
  170 |   170 |   106 |   1   |    1   |
  171 |   171 |   107 |   1   |    1   |
  172 |   172 |   108 |   1   |    1   |
  173 |   173 |   109 |   1   |    1   |
  174 |   174 |   110 |   1   |    1   |
  175 |   175 |   111 |   1   |    1   |
  176 |   176 |   112 |   1   |    1   |
  177 |   177 |   113 |   1   |    1   |
  178 |   178 |   114 |   1   |    1   |
  179 |   179 |   115 |   1   |    1   |
  180 |   180 |   116 |   1   |    1   |
  181 |   181 |   117 |   1   |    1   |
  182 |   182 |   118 |   1   |    1   |
  183 |   183 |   119 |   1   |    1   |
  184 |   184 |   120 |   1   |    1   |
  185 |   185 |   121 |   1   |    1   |
  186 |   186 |   122 |   1   |    1   |
  187 |   187 |   123 |   1   |    1   |
  188 |   188 |   124 |   1   |    1   |
  189 |   189 |   125 |   1   |    1   |
  190 |   190 |   126 |   1   |    1   |
  191 |   191 |   127 |   1   |    1   |
  192 |   192 |   128 |   1   |    0   |
  193 |   193 |   129 |   1   |    0   |
  194 |   194 |   130 |   1   |    0   |
  195 |   195 |   131 |   1   |    0   |
  196 |   196 |   132 |   1   |    0   |
  197 |   197 |   133 |   1   |    0   |
  198 |   198 |   134 |   1   |    0   |
  199 |   199 |   135 |   1   |    0   |
  200 |   200 |   136 |   1   |    0   |
  201 |   201 |   137 |   1   |    0   |
  202 |   202 |   138 |   1   |    0   |
  203 |   203 |   139 |   1   |    0   |
  204 |   204 |   140 |   1   |    0   |
  205 |   205 |   141 |   1   |    0   |
  206 |   206 |   142 |   1   |    0   |
  207 |   207 |   143 |   1   |    0   |
  208 |   208 |   144 |   1   |    0   |
  209 |   209 |   145 |   1   |    0   |
  210 |   210 |   146 |   1   |    0   |
  211 |   211 |   147 |   1   |    0   |
  212 |   212 |   148 |   1   |    0   |
  213 |   213 |   149 |   1   |    0   |
  214 |   214 |   150 |   1   |    0   |
  215 |   215 |   151 |   1   |    0   |
  216 |   216 |   152 |   1   |    0   |
  217 |   217 |   153 |   1   |    0   |
  218 |   218 |   154 |   1   |    0   |
  219 |   219 |   155 |   1   |    0   |
  220 |   220 |   156 |   1   |    0   |
  221 |   221 |   157 |   1   |    0   |
  222 |   222 |   158 |   1   |    0   |
  223 |   223 |   159 |   1   |    0   |
  224 |   224 |   160 |   1   |    0   |
  225 |   225 |   161 |   1   |    0   |
  226 |   226 |   162 |   1   |    0   |
  227 |   227 |   163 |   1   |    0   |
  228 |   228 |   164 |   1   |    0   |
  229 |   229 |   165 |   1   |    0   |
  230 |   230 |   166 |   1   |    0   |
  231 |   231 |   167 |   1   |    0   |
  232 |   232 |   168 |   1   |    0   |
  233 |   233 |   169 |   1   |    0   |
  234 |   234 |   170 |   1   |    0   |
  235 |   235 |   171 |   1   |    0   |
  236 |   236 |   172 |   1   |    0   |
  237 |   237 |   173 |   1   |    0   |
  238 |   238 |   174 |   1   |    0   |
  239 |   239 |   175 |   1   |    0   |
  240 |   240 |   176 |   1   |    0   |
  241 |   241 |   177 |   1   |    0   |
  242 |   242 |   178 |   1   |    0   |
  243 |   243 |   179 |   1   |    0   |
  244 |   244 |   180 |   1   |    0   |
  245 |   245 |   181 |   1   |    0   |
  246 |   246 |   182 |   1   |    0   |
  247 |   247 |   183 |   1   |    0   |
  248 |   248 |   184 |   1   |    0   |
  249 |   249 |   185 |   1   |    0   |
  250 |   250 |   186 |   1   |    0   |
  251 |   251 |   187 |   1   |    0   |
  252 |   252 |   188 |   1   |    0   |
  253 |   253 |   189 |   1   |    0   |
  254 |   254 |   190 |   1   |    0   |
  255 |   255 |   191 |   1   |    0   |
  256 |   256 |   192 |   1   |    1   |
  257 |   257 |   193 |   1   |    1   |
  258 |   258 |   194 |   1   |    1   |
  259 |   259 |   195 |   1   |    1   |
  260 |   260 |   196 |   1   |    1   |
  261 |   261 |   197 |   1   |    1   |
  262 |   262 |   198 |   1   |    1   |
  263 |   263 |   199 |   1   |    1   |
  264 |   264 |   200 |   1   |    1   |
  265 |   265 |   201 |   1   |    1   |
  266 |   266 |   202 |   1   |    1   |
  267 |   267 |   203 |   1   |    1   |
  268 |   268 |   204 |   1   |    1   |
  269 |   269 |   205 |   1   |    1   |
  270 |   270 |   206 |   1   |    1   |
  271 |   271 |   207 |   1   |    1   |
  272 |   272 |   208 |   1   |    1   |
  273 |   273 |   209 |   1   |    1   |
  274 |   274 |   210 |   1   |    1   |
  275 |   275 |   211 |   1   |    1   |
  276 |   276 |   212 |   1   |    1   |
  277 |   277 |   213 |   1   |    1   |
  278 |   278 |   214 |   1   |    1   |
  279 |   279 |   215 |   1   |    1   |
  280 |   280 |   216 |   1   |    1   |
  281 |   281 |   217 |   1   |    1   |
  282 |   282 |   218 |   1   |    1   |
  283 |   283 |   219 |   1   |    1   |
  284 |   284 |   220 |   1   |    1   |
  285 |   285 |   221 |   1   |    1   |
  286 |   286 |   222 |   1   |    1   |
  287 |   287 |   223 |   1   |    1   |
  288 |   288 |   224 |   1   |    1   |
  289 |   289 |   225 |   1   |    1   |
  290 |   290 |   226 |   1   |    1   |
  291 |   291 |   227 |   1   |    1   |
  292 |   292 |   228 |   1   |    1   |
  293 |   293 |   229 |   1   |    1   |
  294 |   294 |   230 |   1   |    1   |
  295 |   295 |   231 |   1   |    1   |
  296 |   296 |   232 |   1   |    1   |
  297 |   297 |   233 |   1   |    1   |
  298 |   298 |   234 |   1   |    1   |
  299 |   299 |   235 |   1   |    1   |
  300 |   300 |   236 |   1   |    1   |
  301 |   301 |   237 |   1   |    1   |
  302 |   302 |   238 |   1   |    1   |
  303 |   303 |   239 |   1   |    1   |
  304 |   304 |   240 |   1   |    1   |
  305 |   305 |   241 |   1   |    1   |
  306 |   306 |   242 |   1   |    1   |
  307 |   307 |   243 |   1   |    1   |
  308 |   308 |   244 |   1   |    1   |
  309 |   309 |   245 |   1   |    1   |
  310 |   310 |   246 |   1   |    1   |
  311 |   311 |   247 |   1   |    1   |
  312 |   312 |   248 |   1   |    1   |
  313 |   313 |   249 |   1   |    1   |
  314 |   314 |   250 |   1   |    1   |
  315 |   315 |   251 |   1   |    1   |
  316 |   316 |   252 |   1   |    1   |
  317 |   317 |   253 |   1   |    1   |
  318 |   318 |   254 |   1   |    1   |
  319 |   319 |   255 |   1   |    1   |
  320 |   320 |   256 |   1   |    0   |
  321 |   321 |   257 |   1   |    0   |
  322 |   322 |   258 |   1   |    0   |
  323 |   323 |   259 |   1   |    0   |
  324 |   324 |   260 |   1   |    0   |
  325 |   325 |   261 |   1   |    0   |
  326 |   326 |   262 |   1   |    0   |
  327 |   327 |   263 |   1   |    0   |
  328 |   328 |   264 |   1   |    0   |
  329 |   329 |   265 |   1   |    0   |
  330 |   330 |   266 |   1   |    0   |
  331 |   331 |   267 |   1   |    0   |
  332 |   332 |   268 |   1   |    0   |
  333 |   333 |   269 |   1   |    0   |
  334 |   334 |   270 |   1   |    0   |
  335 |   335 |   271 |   1   |    0   |
  336 |   336 |   272 |   1   |    0   |
  337 |   337 |   273 |   1   |    0   |
  338 |   338 |   274 |   1   |    0   |
  339 |   339 |   275 |   1   |    0   |
  340 |   340 |   276 |   1   |    0   |
  341 |   341 |   277 |   1   |    0   |
  342 |   342 |   278 |   1   |    0   |
  343 |   343 |   279 |   1   |    0   |
  344 |   344 |   280 |   1   |    0   |
  345 |   345 |   281 |   1   |    0   |
  346 |   346 |   282 |   1   |    0   |
  347 |   347 |   283 |   1   |    0   |
  348 |   348 |   284 |   1   |    0   |
  349 |   349 |   285 |   1   |    0   |
  350 |   350 |   286 |   1   |    0   |
  351 |   351 |   287 |   1   |    0   |
  352 |   352 |   288 |   1   |    0   |
  353 |   353 |   289 |   1   |    0   |
  354 |   354 |   290 |   1   |    0   |
  355 |   355 |   291 |   1   |    0   |
  356 |   356 |   292 |   1   |    0   |
  357 |   357 |   293 |   1   |    0   |
  358 |   358 |   294 |   1   |    0   |
  359 |   359 |   295 |   1   |    0   |
  360 |   360 |   296 |   1   |    0   |
  361 |   361 |   297 |   1   |    0   |
  362 |   362 |   298 |   1   |    0   |
  363 |   363 |   299 |   1   |    0   |
  364 |   364 |   300 |   1   |    0   |
  365 |   365 |   301 |   1   |    0   |
  366 |   366 |   302 |   1   |    0   |
  367 |   367 |   303 |   1   |    0   |
  368 |   368 |   304 |   1   |    0   |
  369 |   369 |   305 |   1   |    0   |
  370 |   370 |   306 |   1   |    0   |
  371 |   371 |   307 |   1   |    0   |
  372 |   372 |   308 |   1   |    0   |
  373 |   373 |   309 |   1   |    0   |
  374 |   374 |   310 |   1   |    0   |
  375 |   375 |   311 |   1   |    0   |
  376 |   376 |   312 |   1   |    0   |
  377 |   377 |   313 |   1   |    0   |
  378 |   378 |   314 |   1   |    0   |
  379 |   379 |   315 |   1   |    0   |
  380 |   380 |   316 |   1   |    0   |
  381 |   381 |   317 |   1   |    0   |
  382 |   382 |   318 |   1   |    0   |
  383 |   383 |   319 |   1   |    0   |
  384 |   384 |   320 |   1   |    1   |
  385 |   385 |   321 |   1   |    1   |
  386 |   386 |   322 |   1   |    1   |
  387 |   387 |   323 |   1   |    1   |
  388 |   388 |   324 |   1   |    1   |
  389 |   389 |   325 |   1   |    1   |
  390 |   390 |   326 |   1   |    1   |
  391 |   391 |   327 |   1   |    1   |
  392 |   392 |   328 |   1   |    1   |
  393 |   393 |   329 |   1   |    1   |
  394 |   394 |   330 |   1   |    1   |
  395 |   395 |   331 |   1   |    1   |
  396 |   396 |   332 |   1   |    1   |
  397 |   397 |   333 |   1   |    1   |
  398 |   398 |   334 |   1   |    1   |
  399 |   399 |   335 |   1   |    1   |
  400 |   400 |   336 |   1   |    1   |
  401 |   401 |   337 |   1   |    1   |
  402 |   402 |   338 |   1   |    1   |
  403 |   403 |   339 |   1   |    1   |
  404 |   404 |   340 |   1   |    1   |
  405 |   405 |   341 |   1   |    1   |
  406 |   406 |   342 |   1   |    1   |
  407 |   407 |   343 |   1   |    1   |
  408 |   408 |   344 |   1   |    1   |
  409 |   409 |   345 |   1   |    1   |
  410 |   410 |   346 |   1   |    1   |
  411 |   411 |   347 |   1   |    1   |
  412 |   412 |   348 |   1   |    1   |
  413 |   413 |   349 |   1   |    1   |
  414 |   414 |   350 |   1   |    1   |
  415 |   415 |   351 |   1   |    1   |
  416 |   416 |   352 |   1   |    1   |
  417 |   417 |   353 |   1   |    1   |
  418 |   418 |   354 |   1   |    1   |
  419 |   419 |   355 |   1   |    1   |
  420 |   420 |   356 |   1   |    1   |
  421 |   421 |   357 |   1   |    1   |
  422 |   422 |   358 |   1   |    1   |
  423 |   423 |   359 |   1   |    1   |
  424 |   424 |   360 |   1   |    1   |
  425 |   425 |   361 |   1   |    1   |
  426 |   426 |   362 |   1   |    1   |
  427 |   427 |   363 |   1   |    1   |
  428 |   428 |   364 |   1   |    1   |
  429 |   429 |   365 |   1   |    1   |
  430 |   430 |   366 |   1   |    1   |
  431 |   431 |   367 |   1   |    1   |
  432 |   432 |   368 |   1   |    1   |
  433 |   433 |   369 |   1   |    1   |
  434 |   434 |   370 |   1   |    1   |
  435 |   435 |   371 |   1   |    1   |
  436 |   436 |   372 |   1   |    1   |
  437 |   437 |   373 |   1   |    1   |
  438 |   438 |   374 |   1   |    1   |
  439 |   439 |   375 |   1   |    1   |
  440 |   440 |   376 |   1   |    1   |
  441 |   441 |   377 |   1   |    1   |
  442 |   442 |   378 |   1   |    1   |
  443 |   443 |   379 |   1   |    1   |
  444 |   444 |   380 |   1   |    1   |
  445 |   445 |   381 |   1   |    1   |
  446 |   446 |   382 |   1   |    1   |
  447 |   447 |   383 |   1   |    1   |
  448 |   448 |   384 |   1   |    0   |
  449 |   449 |   385 |   1   |    0   |
  450 |   450 |   386 |   1   |    0   |
  451 |   451 |   387 |   1   |    0   |
  452 |   452 |   388 |   1   |    0   |
  453 |   453 |   389 |   1   |    0   |
  454 |   454 |   390 |   1   |    0   |
  455 |   455 |   391 |   1   |    0   |
  456 |   456 |   392 |   1   |    0   |
  457 |   457 |   393 |   1   |    0   |
  458 |   458 |   394 |   1   |    0   |
  459 |   459 |   395 |   1   |    0   |
  460 |   460 |   396 |   1   |    0   |
  461 |   461 |   397 |   1   |    0   |
  462 |   462 |   398 |   1   |    0   |
  463 |   463 |   399 |   1   |    0   |
  464 |   464 |   400 |   1   |    0   |
  465 |   465 |   401 |   1   |    0   |
  466 |   466 |   402 |   1   |    0   |
  467 |   467 |   403 |   1   |    0   |
  468 |   468 |   404 |   1   |    0   |
  469 |   469 |   405 |   1   |    0   |
  470 |   470 |   406 |   1   |    0   |
  471 |   471 |   407 |   1   |    0   |
  472 |   472 |   408 |   1   |    0   |
  473 |   473 |   409 |   1   |    0   |
  474 |   474 |   410 |   1   |    0   |
  475 |   475 |   411 |   1   |    0   |
  476 |   476 |   412 |   1   |    0   |
  477 |   477 |   413 |   1   |    0   |
  478 |   478 |   414 |   1   |    0   |
  479 |   479 |   415 |   1   |    0   |
  480 |   480 |   416 |   1   |    0   |
  481 |   481 |   417 |   1   |    0   |
  482 |   482 |   418 |   1   |    0   |
  483 |   483 |   419 |   1   |    0   |
  484 |   484 |   420 |   1   |    0   |
  485 |   485 |   421 |   1   |    0   |
  486 |   486 |   422 |   1   |    0   |
  487 |   487 |   423 |   1   |    0   |
  488 |   488 |   424 |   1   |    0   |
  489 |   489 |   425 |   1   |    0   |
  490 |   490 |   426 |   1   |    0   |
  491 |   491 |   427 |   1   |    0   |
  492 |   492 |   428 |   1   |    0   |
  493 |   493 |   429 |   1   |    0   |
  494 |   494 |   430 |   1   |    0   |
  495 |   495 |   431 |   1   |    0   |
  496 |   496 |   432 |   1   |    0   |
  497 |   497 |   433 |   1   |    0   |
  498 |   498 |   434 |   1   |    0   |
  499 |   499 |   435 |   1   |    0   |
  500 |   500 |   436 |   1   |    0   |
  501 |   501 |   437 |   1   |    0   |
  502 |   502 |   438 |   1   |    0   |
  503 |   503 |   439 |   1   |    0   |
  504 |   504 |   440 |   1   |    0   |
  505 |   505 |   441 |   1   |    0   |
  506 |   506 |   442 |   1   |    0   |
  507 |   507 |   443 |   1   |    0   |
  508 |   508 |   444 |   1   |    0   |
  509 |   509 |   445 |   1   |    0   |
  510 |   510 |   446 |   1   |    0   |
  511 |   511 |   447 |   1   |    0   |
  512 |   512 |   448 |   1   |    1   |
  513 |   513 |   449 |   1   |    1   |
  514 |   514 |   450 |   1   |    1   |
  515 |   515 |   451 |   1   |    1   |
  516 |   516 |   452 |   1   |    1   |
  517 |   517 |   453 |   1   |    1   |
  518 |   518 |   454 |   1   |    1   |
  519 |   519 |   455 |   1   |    1   |
  520 |   520 |   456 |   1   |    1   |
  521 |   521 |   457 |   1   |    1   |
  522 |   522 |   458 |   1   |    1   |
  523 |   523 |   459 |   1   |    1   |
  524 |   524 |   460 |   1   |    1   |
  525 |   525 |   461 |   1   |    1   |
  526 |   526 |   462 |   1   |    1   |
  527 |   527 |   463 |   1   |    1   |
  528 |   528 |   464 |   1   |    1   |
  529 |   529 |   465 |   1   |    1   |
  530 |   530 |   466 |   1   |    1   |
  531 |   531 |   467 |   1   |    1   |
  532 |   532 |   468 |   1   |    1   |
  533 |   533 |   469 |   1   |    1   |
  534 |   534 |   470 |   1   |    1   |
  535 |   535 |   471 |   1   |    1   |
  536 |   536 |   472 |   1   |    1   |
  537 |   537 |   473 |   1   |    1   |
  538 |   538 |   474 |   1   |    1   |
  539 |   539 |   475 |   1   |    1   |
  540 |   540 |   476 |   1   |    1   |
  541 |   541 |   477 |   1   |    1   |
  542 |   542 |   478 |   1   |    1   |
  543 |   543 |   479 |   1   |    1   |
  544 |   544 |   480 |   1   |    1   |
  545 |   545 |   481 |   1   |    1   |
  546 |   546 |   482 |   1   |    1   |
  547 |   547 |   483 |   1   |    1   |
  548 |   548 |   484 |   1   |    1   |
  549 |   549 |   485 |   1   |    1   |
  550 |   550 |   486 |   1   |    1   |
  551 |   551 |   487 |   1   |    1   |
  552 |   552 |   488 |   1   |    1   |
  553 |   553 |   489 |   1   |    1   |
  554 |   554 |   490 |   1   |    1   |
  555 |   555 |   491 |   1   |    1   |
  556 |   556 |   492 |   1   |    1   |
  557 |   557 |   493 |   1   |    1   |
  558 |   558 |   494 |   1   |    1   |
  559 |   559 |   495 |   1   |    1   |
  560 |   560 |   496 |   1   |    1   |
  561 |   561 |   497 |   1   |    1   |
  562 |   562 |   498 |   1   |    1   |
  563 |   563 |   499 |   1   |    1   |
  564 |   564 |   500 |   1   |    1   |
  565 |   565 |   501 |   1   |    1   |
  566 |   566 |   502 |   1   |    1   |
  567 |   567 |   503 |   1   |    1   |
  568 |   568 |   504 |   1   |    1   |
  569 |   569 |   505 |   1   |    1   |
  570 |   570 |   506 |   1   |    1   |
  571 |   571 |   507 |   1   |    1   |
  572 |   572 |   508 |   1   |    1   |
  573 |   573 |   509 |   1   |    1   |
  574 |   574 |   510 |   1   |    1   |
  575 |   575 |   511 |   1   |    1   |
  576 |   576 |   512 |   1   |    0   |
  577 |   577 |   513 |   1   |    0   |
  578 |   578 |   514 |   1   |    0   |
  579 |   579 |   515 |   1   |    0   |
  580 |   580 |   516 |   1   |    0   |
  581 |   581 |   517 |   1   |    0   |
  582 |   582 |   518 |   1   |    0   |
  583 |   583 |   519 |   1   |    0   |
  584 |   584 |   520 |   1   |    0   |
  585 |   585 |   521 |   1   |    0   |
  586 |   586 |   522 |   1   |    0   |
  587 |   587 |   523 |   1   |    0   |
  588 |   588 |   524 |   1   |    0   |
  589 |   589 |   525 |   1   |    0   |
  590 |   590 |   526 |   1   |    0   |
  591 |   591 |   527 |   1   |    0   |
  592 |   592 |   528 |   1   |    0   |
  593 |   593 |   529 |   1   |    0   |
  594 |   594 |   530 |   1   |    0   |
  595 |   595 |   531 |   1   |    0   |
  596 |   596 |   532 |   1   |    0   |
  597 |   597 |   533 |   1   |    0   |
  598 |   598 |   534 |   1   |    0   |
  599 |   599 |   535 |   1   |    0   |
  600 |   600 |   536 |   1   |    0   |
  601 |   601 |   537 |   1   |    0   |
  602 |   602 |   538 |   1   |    0   |
  603 |   603 |   539 |   1   |    0   |
  604 |   604 |   540 |   1   |    0   |
  605 |   605 |   541 |   1   |    0   |
  606 |   606 |   542 |   1   |    0   |
  607 |   607 |   543 |   1   |    0   |
  608 |   608 |   544 |   1   |    0   |
  609 |   609 |   545 |   1   |    0   |
  610 |   610 |   546 |   1   |    0   |
  611 |   611 |   547 |   1   |    0   |
  612 |   612 |   548 |   1   |    0   |
  613 |   613 |   549 |   1   |    0   |
  614 |   614 |   550 |   1   |    0   |
  615 |   615 |   551 |   1   |    0   |
  616 |   616 |   552 |   1   |    0   |
  617 |   617 |   553 |   1   |    0   |
  618 |   618 |   554 |   1   |    0   |
  619 |   619 |   555 |   1   |    0   |
  620 |   620 |   556 |   1   |    0   |
  621 |   621 |   557 |   1   |    0   |
  622 |   622 |   558 |   1   |    0   |
  623 |   623 |   559 |   1   |    0   |
  624 |   624 |   560 |   1   |    0   |
  625 |   625 |   561 |   1   |    0   |
  626 |   626 |   562 |   1   |    0   |
  627 |   627 |   563 |   1   |    0   |
  628 |   628 |   564 |   1   |    0   |
  629 |   629 |   565 |   1   |    0   |
  630 |   630 |   566 |   1   |    0   |
  631 |   631 |   567 |   1   |    0   |
  632 |   632 |   568 |   1   |    0   |
  633 |   633 |   569 |   1   |    0   |
  634 |   634 |   570 |   1   |    0   |
  635 |   635 |   571 |   1   |    0   |
  636 |   636 |   572 |   1   |    0   |
  637 |   637 |   573 |   1   |    0   |
  638 |   638 |   574 |   1   |    0   |
  639 |   639 |   575 |   1   |    0   |
  640 |   640 |   576 |   1   |    1   |
  641 |   641 |   577 |   1   |    1   |
  642 |   642 |   578 |   1   |    1   |
  643 |   643 |   579 |   1   |    1   |
  644 |   644 |   580 |   1   |    1   |
  645 |   645 |   581 |   1   |    1   |
  646 |   646 |   582 |   1   |    1   |
  647 |   647 |   583 |   1   |    1   |
  648 |   648 |   584 |   1   |    1   |
  649 |   649 |   585 |   1   |    1   |
  650 |   650 |   586 |   1   |    1   |
  651 |   651 |   587 |   1   |    1   |
  652 |   652 |   588 |   1   |    1   |
  653 |   653 |   589 |   1   |    1   |
  654 |   654 |   590 |   1   |    1   |
  655 |   655 |   591 |   1   |    1   |
  656 |   656 |   592 |   1   |    1   |
  657 |   657 |   593 |   1   |    1   |
  658 |   658 |   594 |   1   |    1   |
  659 |   659 |   595 |   1   |    1   |
  660 |   660 |   596 |   1   |    1   |
  661 |   661 |   597 |   1   |    1   |
  662 |   662 |   598 |   1   |    1   |
  663 |   663 |   599 |   1   |    1   |
  664 |   664 |   600 |   1   |    1   |
  665 |   665 |   601 |   1   |    1   |
  666 |   666 |   602 |   1   |    1   |
  667 |   667 |   603 |   1   |    1   |
  668 |   668 |   604 |   1   |    1   |
  669 |   669 |   605 |   1   |    1   |
  670 |   670 |   606 |   1   |    1   |
  671 |   671 |   607 |   1   |    1   |
  672 |   672 |   608 |   1   |    1   |
  673 |   673 |   609 |   1   |    1   |
  674 |   674 |   610 |   1   |    1   |
  675 |   675 |   611 |   1   |    1   |
  676 |   676 |   612 |   1   |    1   |
  677 |   677 |   613 |   1   |    1   |
  678 |   678 |   614 |   1   |    1   |
  679 |   679 |   615 |   1   |    1   |
  680 |   680 |   616 |   1   |    1   |
  681 |   681 |   617 |   1   |    1   |
  682 |   682 |   618 |   1   |    1   |
  683 |   683 |   619 |   1   |    1   |
  684 |   684 |   620 |   1   |    1   |
  685 |   685 |   621 |   1   |    1   |
  686 |   686 |   622 |   1   |    1   |
  687 |   687 |   623 |   1   |    1   |
  688 |   688 |   624 |   1   |    1   |
  689 |   689 |   625 |   1   |    1   |
  690 |   690 |   626 |   1   |    1   |
  691 |   691 |   627 |   1   |    1   |
  692 |   692 |   628 |   1   |    1   |
  693 |   693 |   629 |   1   |    1   |
  694 |   694 |   630 |   1   |    1   |
  695 |   695 |   631 |   1   |    1   |
  696 |   696 |   632 |   1   |    1   |
  697 |   697 |   633 |   1   |    1   |
  698 |   698 |   634 |   1   |    1   |
  699 |   699 |   635 |   1   |    1   |
  700 |   700 |   636 |   1   |    1   |
  701 |   701 |   637 |   1   |    1   |
  702 |   702 |   638 |   1   |    1   |
  703 |   703 |   639 |   1   |    1   |
  704 |   704 |   640 |   1   |    0   |
  705 |   705 |   641 |   1   |    0   |
  706 |   706 |   642 |   1   |    0   |
  707 |   707 |   643 |   1   |    0   |
  708 |   708 |   644 |   1   |    0   |
  709 |   709 |   645 |   1   |    0   |
  710 |   710 |   646 |   1   |    0   |
  711 |   711 |   647 |   1   |    0   |
  712 |   712 |   648 |   1   |    0   |
  713 |   713 |   649 |   1   |    0   |
  714 |   714 |   650 |   1   |    0   |
  715 |   715 |   651 |   1   |    0   |
  716 |   716 |   652 |   1   |    0   |
  717 |   717 |   653 |   1   |    0   |
  718 |   718 |   654 |   1   |    0   |
  719 |   719 |   655 |   1   |    0   |
  720 |   720 |   656 |   1   |    0   |
  721 |   721 |   657 |   1   |    0   |
  722 |   722 |   658 |   1   |    0   |
  723 |   723 |   659 |   1   |    0   |
  724 |   724 |   660 |   1   |    0   |
  725 |   725 |   661 |   1   |    0   |
  726 |   726 |   662 |   1   |    0   |
  727 |   727 |   663 |   1   |    0   |
  728 |   728 |   664 |   1   |    0   |
  729 |   729 |   665 |   1   |    0   |
  730 |   730 |   666 |   1   |    0   |
  731 |   731 |   667 |   1   |    0   |
  732 |   732 |   668 |   1   |    0   |
  733 |   733 |   669 |   1   |    0   |
  734 |   734 |   670 |   1   |    0   |
  735 |   735 |   671 |   1   |    0   |
  736 |   736 |   672 |   1   |    0   |
  737 |   737 |   673 |   1   |    0   |
  738 |   738 |   674 |   1   |    0   |
  739 |   739 |   675 |   1   |    0   |
  740 |   740 |   676 |   1   |    0   |
  741 |   741 |   677 |   1   |    0   |
  742 |   742 |   678 |   1   |    0   |
  743 |   743 |   679 |   1   |    0   |
  744 |   744 |   680 |   1   |    0   |
  745 |   745 |   681 |   1   |    0   |
  746 |   746 |   682 |   1   |    0   |
  747 |   747 |   683 |   1   |    0   |
  748 |   748 |   684 |   1   |    0   |
  749 |   749 |   685 |   1   |    0   |
  750 |   750 |   686 |   1   |    0   |
  751 |   751 |   687 |   1   |    0   |
  752 |   752 |   688 |   1   |    0   |
  753 |   753 |   689 |   1   |    0   |
  754 |   754 |   690 |   1   |    0   |
  755 |   755 |   691 |   1   |    0   |
  756 |   756 |   692 |   1   |    0   |
  757 |   757 |   693 |   1   |    0   |
  758 |   758 |   694 |   1   |    0   |
  759 |   759 |   695 |   1   |    0   |
  760 |   760 |   696 |   1   |    0   |
  761 |   761 |   697 |   1   |    0   |
  762 |   762 |   698 |   1   |    0   |
  763 |   763 |   699 |   1   |    0   |
  764 |   764 |   700 |   1   |    0   |
  765 |   765 |   701 |   1   |    0   |
  766 |   766 |   702 |   1   |    0   |
  767 |   767 |   703 |   1   |    0   |
  768 |   768 |   704 |   1   |    1   |
  769 |   769 |   705 |   1   |    1   |
  770 |   770 |   706 |   1   |    1   |
  771 |   771 |   707 |   1   |    1   |
  772 |   772 |   708 |   1   |    1   |
  773 |   773 |   709 |   1   |    1   |
  774 |   774 |   710 |   1   |    1   |
  775 |   775 |   711 |   1   |    1   |
  776 |   776 |   712 |   1   |    1   |
  777 |   777 |   713 |   1   |    1   |
  778 |   778 |   714 |   1   |    1   |
  779 |   779 |   715 |   1   |    1   |
  780 |   780 |   716 |   1   |    1   |
  781 |   781 |   717 |   1   |    1   |
  782 |   782 |   718 |   1   |    1   |
  783 |   783 |   719 |   1   |    1   |
  784 |   784 |   720 |   1   |    1   |
  785 |   785 |   721 |   1   |    1   |
  786 |   786 |   722 |   1   |    1   |
  787 |   787 |   723 |   1   |    1   |
  788 |   788 |   724 |   1   |    1   |
  789 |   789 |   725 |   1   |    1   |
  790 |   790 |   726 |   1   |    1   |
  791 |   791 |   727 |   1   |    1   |
  792 |   792 |   728 |   1   |    1   |
  793 |   793 |   729 |   1   |    1   |
  794 |   794 |   730 |   1   |    1   |
  795 |   795 |   731 |   1   |    1   |
  796 |   796 |   732 |   1   |    1   |
  797 |   797 |   733 |   1   |    1   |
  798 |   798 |   734 |   1   |    1   |
  799 |   799 |   735 |   1   |    1   |
  800 |   800 |   736 |   1   |    1   |
  801 |   801 |   737 |   1   |    1   |
  802 |   802 |   738 |   1   |    1   |
  803 |   803 |   739 |   1   |    1   |
  804 |   804 |   740 |   1   |    1   |
  805 |   805 |   741 |   1   |    1   |
  806 |   806 |   742 |   1   |    1   |
  807 |   807 |   743 |   1   |    1   |
  808 |   808 |   744 |   1   |    1   |
  809 |   809 |   745 |   1   |    1   |
  810 |   810 |   746 |   1   |    1   |
  811 |   811 |   747 |   1   |    1   |
  812 |   812 |   748 |   1   |    1   |
  813 |   813 |   749 |   1   |    1   |
  814 |   814 |   750 |   1   |    1   |
  815 |   815 |   751 |   1   |    1   |
  816 |   816 |   752 |   1   |    1   |
  817 |   817 |   753 |   1   |    1   |
  818 |   818 |   754 |   1   |    1   |
  819 |   819 |   755 |   1   |    1   |
  820 |   820 |   756 |   1   |    1   |
  821 |   821 |   757 |   1   |    1   |
  822 |   822 |   758 |   1   |    1   |
  823 |   823 |   759 |   1   |    1   |
  824 |   824 |   760 |   1   |    1   |
  825 |   825 |   761 |   1   |    1   |
  826 |   826 |   762 |   1   |    1   |
  827 |   827 |   763 |   1   |    1   |
  828 |   828 |   764 |   1   |    1   |
  829 |   829 |   765 |   1   |    1   |
  830 |   830 |   766 |   1   |    1   |
  831 |   831 |   767 |   1   |    1   |
  832 |   832 |   768 |   1   |    0   |
  833 |   833 |   769 |   1   |    0   |
  834 |   834 |   770 |   1   |    0   |
  835 |   835 |   771 |   1   |    0   |
  836 |   836 |   772 |   1   |    0   |
  837 |   837 |   773 |   1   |    0   |
  838 |   838 |   774 |   1   |    0   |
  839 |   839 |   775 |   1   |    0   |
  840 |   840 |   776 |   1   |    0   |
  841 |   841 |   777 |   1   |    0   |
  842 |   842 |   778 |   1   |    0   |
  843 |   843 |   779 |   1   |    0   |
  844 |   844 |   780 |   1   |    0   |
  845 |   845 |   781 |   1   |    0   |
  846 |   846 |   782 |   1   |    0   |
  847 |   847 |   783 |   1   |    0   |
  848 |   848 |   784 |   1   |    0   |
  849 |   849 |   785 |   1   |    0   |
  850 |   850 |   786 |   1   |    0   |
  851 |   851 |   787 |   1   |    0   |
  852 |   852 |   788 |   1   |    0   |
  853 |   853 |   789 |   1   |    0   |
  854 |   854 |   790 |   1   |    0   |
  855 |   855 |   791 |   1   |    0   |
  856 |   856 |   792 |   1   |    0   |
  857 |   857 |   793 |   1   |    0   |
  858 |   858 |   794 |   1   |    0   |
  859 |   859 |   795 |   1   |    0   |
  860 |   860 |   796 |   1   |    0   |
  861 |   861 |   797 |   1   |    0   |
  862 |   862 |   798 |   1   |    0   |
  863 |   863 |   799 |   1   |    0   |
  864 |   864 |   800 |   1   |    0   |
  865 |   865 |   801 |   1   |    0   |
  866 |   866 |   802 |   1   |    0   |
  867 |   867 |   803 |   1   |    0   |
  868 |   868 |   804 |   1   |    0   |
  869 |   869 |   805 |   1   |    0   |
  870 |   870 |   806 |   1   |    0   |
  871 |   871 |   807 |   1   |    0   |
  872 |   872 |   808 |   1   |    0   |
  873 |   873 |   809 |   1   |    0   |
  874 |   874 |   810 |   1   |    0   |
  875 |   875 |   811 |   1   |    0   |
  876 |   876 |   812 |   1   |    0   |
  877 |   877 |   813 |   1   |    0   |
  878 |   878 |   814 |   1   |    0   |
  879 |   879 |   815 |   1   |    0   |
  880 |   880 |   816 |   1   |    0   |
  881 |   881 |   817 |   1   |    0   |
  882 |   882 |   818 |   1   |    0   |
  883 |   883 |   819 |   1   |    0   |
  884 |   884 |   820 |   1   |    0   |
  885 |   885 |   821 |   1   |    0   |
  886 |   886 |   822 |   1   |    0   |
  887 |   887 |   823 |   1   |    0   |
  888 |   888 |   824 |   1   |    0   |
  889 |   889 |   825 |   1   |    0   |
  890 |   890 |   826 |   1   |    0   |
  891 |   891 |   827 |   1   |    0   |
  892 |   892 |   828 |   1   |    0   |
  893 |   893 |   829 |   1   |    0   |
  894 |   894 |   830 |   1   |    0   |
  895 |   895 |   831 |   1   |    0   |
  896 |   896 |   832 |   1   |    1   |
  897 |   897 |   833 |   1   |    1   |
  898 |   898 |   834 |   1   |    1   |
  899 |   899 |   835 |   1   |    1   |
  900 |   900 |   836 |   1   |    1   |
  901 |   901 |   837 |   1   |    1   |
  902 |   902 |   838 |   1   |    1   |
  903 |   903 |   839 |   1   |    1   |
  904 |   904 |   840 |   1   |    1   |
  905 |   905 |   841 |   1   |    1   |
  906 |   906 |   842 |   1   |    1   |
  907 |   907 |   843 |   1   |    1   |
  908 |   908 |   844 |   1   |    1   |
  909 |   909 |   845 |   1   |    1   |
  910 |   910 |   846 |   1   |    1   |
  911 |   911 |   847 |   1   |    1   |
  912 |   912 |   848 |   1   |    1   |
  913 |   913 |   849 |   1   |    1   |
  914 |   914 |   850 |   1   |    1   |
  915 |   915 |   851 |   1   |    1   |
  916 |   916 |   852 |   1   |    1   |
  917 |   917 |   853 |   1   |    1   |
  918 |   918 |   854 |   1   |    1   |
  919 |   919 |   855 |   1   |    1   |
  920 |   920 |   856 |   1   |    1   |
  921 |   921 |   857 |   1   |    1   |
  922 |   922 |   858 |   1   |    1   |
  923 |   923 |   859 |   1   |    1   |
  924 |   924 |   860 |   1   |    1   |
  925 |   925 |   861 |   1   |    1   |
  926 |   926 |   862 |   1   |    1   |
  927 |   927 |   863 |   1   |    1   |
  928 |   928 |   864 |   1   |    1   |
  929 |   929 |   865 |   1   |    1   |
  930 |   930 |   866 |   1   |    1   |
  931 |   931 |   867 |   1   |    1   |
  932 |   932 |   868 |   1   |    1   |
  933 |   933 |   869 |   1   |    1   |
  934 |   934 |   870 |   1   |    1   |
  935 |   935 |   871 |   1   |    1   |
  936 |   936 |   872 |   1   |    1   |
  937 |   937 |   873 |   1   |    1   |
  938 |   938 |   874 |   1   |    1   |
  939 |   939 |   875 |   1   |    1   |
  940 |   940 |   876 |   1   |    1   |
  941 |   941 |   877 |   1   |    1   |
  942 |   942 |   878 |   1   |    1   |
  943 |   943 |   879 |   1   |    1   |
  944 |   944 |   880 |   1   |    1   |
  945 |   945 |   881 |   1   |    1   |
  946 |   946 |   882 |   1   |    1   |
  947 |   947 |   883 |   1   |    1   |
  948 |   948 |   884 |   1   |    1   |
  949 |   949 |   885 |   1   |    1   |
  950 |   950 |   886 |   1   |    1   |
  951 |   951 |   887 |   1   |    1   |
  952 |   952 |   888 |   1   |    1   |
  953 |   953 |   889 |   1   |    1   |
  954 |   954 |   890 |   1   |    1   |
  955 |   955 |   891 |   1   |    1   |
  956 |   956 |   892 |   1   |    1   |
  957 |   957 |   893 |   1   |    1   |
  958 |   958 |   894 |   1   |    1   |
  959 |   959 |   895 |   1   |    1   |
  960 |   960 |   896 |   1   |    0   |
  961 |   961 |   897 |   1   |    0   |
  962 |   962 |   898 |   1   |    0   |
  963 |   963 |   899 |   1   |    0   |
  964 |   964 |   900 |   1   |    0   |
  965 |   965 |   901 |   1   |    0   |
  966 |   966 |   902 |   1   |    0   |
  967 |   967 |   903 |   1   |    0   |
  968 |   968 |   904 |   1   |    0   |
  969 |   969 |   905 |   1   |    0   |
  970 |   970 |   906 |   1   |    0   |
  971 |   971 |   907 |   1   |    0   |
  972 |   972 |   908 |   1   |    0   |
  973 |   973 |   909 |   1   |    0   |
  974 |   974 |   910 |   1   |    0   |
  975 |   975 |   911 |   1   |    0   |
  976 |   976 |   912 |   1   |    0   |
  977 |   977 |   913 |   1   |    0   |
  978 |   978 |   914 |   1   |    0   |
  979 |   979 |   915 |   1   |    0   |
  980 |   980 |   916 |   1   |    0   |
  981 |   981 |   917 |   1   |    0   |
  982 |   982 |   918 |   1   |    0   |
  983 |   983 |   919 |   1   |    0   |
  984 |   984 |   920 |   1   |    0   |
  985 |   985 |   921 |   1   |    0   |
  986 |   986 |   922 |   1   |    0   |
  987 |   987 |   923 |   1   |    0   |
  988 |   988 |   924 |   1   |    0   |
  989 |   989 |   925 |   1   |    0   |
  990 |   990 |   926 |   1   |    0   |
  991 |   991 |   927 |   1   |    0   |
  992 |   992 |   928 |   1   |    0   |
  993 |   993 |   929 |   1   |    0   |
  994 |   994 |   930 |   1   |    0   |
  995 |   995 |   931 |   1   |    0   |
  996 |   996 |   932 |   1   |    0   |
  997 |   997 |   933 |   1   |    0   |
  998 |   998 |   934 |   1   |    0   |
  999 |   999 |   935 |   1   |    0   |
 1000 |  1000 |   936 |   1   |    0   |
 1001 |  1001 |   937 |   1   |    0   |
 1002 |  1002 |   938 |   1   |    0   |
 1003 |  1003 |   939 |   1   |    0   |
 1004 |  1004 |   940 |   1   |    0   |
 1005 |  1005 |   941 |   1   |    0   |
 1006 |  1006 |   942 |   1   |    0   |
 1007 |  1007 |   943 |   1   |    0   |
 1008 |  1008 |   944 |   1   |    0   |
 1009 |  1009 |   945 |   1   |    0   |
 1010 |  1010 |   946 |   1   |    0   |
 1011 |  1011 |   947 |   1   |    0   |
 1012 |  1012 |   948 |   1   |    0   |
 1013 |  1013 |   949 |   1   |    0   |
 1014 |  1014 |   950 |   1   |    0   |
 1015 |  1015 |   951 |   1   |    0   |
 1016 |  1016 |   952 |   1   |    0   |
 1017 |  1017 |   953 |   1   |    0   |
 1018 |  1018 |   954 |   1   |    0   |
 1019 |  1019 |   955 |   1   |    0   |
 1020 |  1020 |   956 |   1   |    0   |
 1021 |  1021 |   957 |   1   |    0   |
 1022 |  1022 |   958 |   1   |    0   |
 1023 |  1023 |   959 |   1   |    0   |
 1024 |     0 |   960 |   1   |    1   |
 1025 |     0 |   961 |   1   |    1   |
 1026 |     0 |   962 |   1   |    1   |
 1027 |     0 |   963 |   1   |    1   |
 1028 |     0 |   964 |   1   |    1   |
 1029 |     0 |   965 |   1   |    1   |
 1030 |     0 |   966 |   1   |    1   |
 1031 |     0 |   967 |   1   |    1   |
 1032 |     0 |   968 |   1   |    1   |
 1033 |     0 |   969 |   1   |    1   |
 1034 |     0 |   970 |   1   |    1   |
 1035 |     0 |   971 |   1   |    1   |
 1036 |     0 |   972 |   1   |    1   |
 1037 |     0 |   973 |   1   |    1   |
 1038 |     0 |   974 |   1   |    1   |
 1039 |     0 |   975 |   1   |    1   |
 1040 |     0 |   976 |   1   |    1   |
 1041 |     0 |   977 |   1   |    1   |
 1042 |     0 |   978 |   1   |    1   |
 1043 |     0 |   979 |   1   |    1   |
 1044 |     0 |   980 |   1   |    1   |
 1045 |     0 |   981 |   1   |    1   |
 1046 |     0 |   982 |   1   |    1   |
 1047 |     0 |   983 |   1   |    1   |
 1048 |     0 |   984 |   1   |    1   |
 1049 |     0 |   985 |   1   |    1   |
 1050 |     0 |   986 |   1   |    1   |
 1051 |     0 |   987 |   1   |    1   |
 1052 |     0 |   988 |   1   |    1   |
 1053 |     0 |   989 |   1   |    1   |
 1054 |     0 |   990 |   1   |    1   |
 1055 |     0 |   991 |   1   |    1   |
 1056 |     0 |   992 |   1   |    1   |
 1057 |     0 |   993 |   1   |    1   |
 1058 |     0 |   994 |   1   |    1   |
 1059 |     0 |   995 |   1   |    1   |
 1060 |     0 |   996 |   1   |    1   |
 1061 |     0 |   997 |   1   |    1   |
 1062 |     0 |   998 |   1   |    1   |
 1063 |     0 |   999 |   1   |    1   |
 1064 |     0 |  1000 |   1   |    1   |
 1065 |     0 |  1001 |   1   |    1   |
 1066 |     0 |  1002 |   1   |    1   |
 1067 |     0 |  1003 |   1   |    1   |
 1068 |     0 |  1004 |   1   |    1   |
 1069 |     0 |  1005 |   1   |    1   |
 1070 |     0 |  1006 |   1   |    1   |
 1071 |     0 |  1007 |   1   |    1   |
 1072 |     0 |  1008 |   1   |    1   |
 1073 |     0 |  1009 |   1   |    1   |
 1074 |     0 |  1010 |   1   |    1   |
 1075 |     0 |  1011 |   1   |    1   |
 1076 |     0 |  1012 |   1   |    1   |
 1077 |     0 |  1013 |   1   |    1   |
 1078 |     0 |  1014 |   1   |    1   |
 1079 |     0 |  1015 |   1   |    1   |
 1080 |     0 |  1016 |   1   |    1   |
 1081 |     0 |  1017 |   1   |    1   |
 1082 |     0 |  1018 |   1   |    1   |
 1083 |     0 |  1019 |   1   |    1   |
 1084 |     0 |  1020 |   1   |    1   |
 1085 |     0 |  1021 |   1   |    1   |
 1086 |     0 |  1022 |   1   |    1   |
 1087 |     0 |  1023 |   1   |    1   |
